46
118
0
64
89
19
88
114
105
58
68
88
17
88
8
22
96
60
85
13
26
92
102
21
20
5
65
55
70
73
98
36
69
18
20
78
37
109
112
19
87
57
27
104
65
79
47
38
59
9
95
85
22
74
107
42
122
92
97
112
42
72
26
111
11
89
109
48
118
98
111
3
75
15
107
18
14
74
99
74
4
114
36
26
65
63
111
65
32
85
54
75
77
0
106
88
10
93
57
5
111
88
8
64
23
36
2
38
30
21
112
77
13
68
23
121
9
11
106
41
16
81
36
94
81
20
102
11
33
79
60
64
44
111
48
68
67
50
26
98
115
15
95
5
3
119
3
12
7
110
97
24
111
53
38
112
116
60
1
26
17
61
11
104
49
59
49
37
110
118
12
22
53
107
27
57
23
73
69
31
103
86
98
91
17
56
81
10
116
82
80
10
63
91
35
32
27
84
69
57
80
1
79
10
29
26
110
52
100
100
3
0
63
21
92
0
77
93
54
71
95
11
1
35
22
36
110
92
41
100
27
41
21
26
94
93
96
82
23
116
59
69
116
42
91
5
43
88
98
97
36
70
28
81
25
50
117
56
19
78
33
89
119
97
36
11
68
9
93
11
45
72
80
38
114
91
44
77
57
62
51
13
10
122
94
78
49
89
11
112
87
87
121
84
62
34
95
50
86
108
61
8
57
18
90
91
30
54
46
87
116
17
100
46
60
72
2
29
81
56
18
